{
  "uuid": "86005bc6-be87-498c-b403-6404e06a44f7",
  "id": "test",
  "config": {
    "target": {
      "name": "xmm"
    },
    "payload": {
      "modelType": "gmm",
      "gaussians": 10,
      "absoluteRegularization": 0.01,
      "relativeRegularization": 0.01,
      "covarianceMode": "full",
      "states": 1,
      "transitionMode": "ergodic",
      "regressionEstimator": "full",
      "likelihoodWindow": 10
    }
  },
  "parameters": {
    "gaussians": 10,
    "regularization": {
      "relative": 0.01,
      "absolute": 0.01
    },
    "covarianceMode": "full",
    "bimodal": false,
    "inputDimension": 3,
    "outputDimension": 0,
    "dimension": 3,
    "classes": {
      "15-crickets.mp3": {
        "gaussians": 10,
        "regularization": {
          "relative": 0.01,
          "absolute": 0.01
        },
        "covarianceMode": "full",
        "bimodal": false,
        "inputDimension": 3,
        "outputDimension": 0,
        "dimension": 3,
        "components": [
          {
            "bimodal": false,
            "dimension": 3,
            "inputDimension": 3,
            "outputDimension": 0,
            "covarianceMode": "full",
            "covarianceDeterminant": 0.0000036080751852050848,
            "mean": [
              1.153087405281657,
              0.6250788932290644,
              9.677793902984265
            ],
            "covariance": [
              0.0149556491521106,
              -0.001887105797881866,
              -0.0011459570988476024,
              -0.001887105797881866,
              0.013245201472412463,
              -0.0018961245948280786,
              -0.0011459570988476024,
              -0.0018961245948280786,
              0.018955692308136297
            ],
            "inverseCovariance": [
              68.5896669243454,
              10.516486588994043,
              5.198511507270077,
              10.516486588994043,
              78.20831092448799,
              8.458891488582163,
              5.198511507270077,
              8.458891488582163,
              53.9150122690592
            ]
          },
          {
            "bimodal": false,
            "dimension": 3,
            "inputDimension": 3,
            "outputDimension": 0,
            "covarianceMode": "full",
            "covarianceDeterminant": 0.0000036080751852050945,
            "mean": [
              1.1530874052816569,
              0.6250788932290643,
              9.67779390298426
            ],
            "covariance": [
              0.014955649152110607,
              -0.0018871057978818656,
              -0.0011459570988475954,
              -0.0018871057978818656,
              0.013245201472412472,
              -0.0018961245948280767,
              -0.0011459570988475954,
              -0.0018961245948280767,
              0.01895569230813633
            ],
            "inverseCovariance": [
              68.58966692434537,
              10.51648658899402,
              5.198511507270039,
              10.516486588994022,
              78.20831092448792,
              8.45889148858213,
              5.198511507270039,
              8.45889148858213,
              53.915012269059105
            ]
          },
          {
            "bimodal": false,
            "dimension": 3,
            "inputDimension": 3,
            "outputDimension": 0,
            "covarianceMode": "full",
            "covarianceDeterminant": 0.000003608075185205099,
            "mean": [
              1.1530874052816569,
              0.6250788932290643,
              9.677793902984261
            ],
            "covariance": [
              0.01495564915211061,
              -0.001887105797881867,
              -0.0011459570988476004,
              -0.001887105797881867,
              0.013245201472412472,
              -0.0018961245948280801,
              -0.0011459570988476004,
              -0.0018961245948280801,
              0.01895569230813635
            ],
            "inverseCovariance": [
              68.58966692434535,
              10.516486588994029,
              5.1985115072700525,
              10.516486588994034,
              78.20831092448793,
              8.45889148858214,
              5.198511507270054,
              8.458891488582138,
              53.91501226905905
            ]
          },
          {
            "bimodal": false,
            "dimension": 3,
            "inputDimension": 3,
            "outputDimension": 0,
            "covarianceMode": "full",
            "covarianceDeterminant": 0.000003608075185205111,
            "mean": [
              1.153087405281657,
              0.6250788932290645,
              9.677793902984257
            ],
            "covariance": [
              0.014955649152110628,
              -0.001887105797881867,
              -0.0011459570988476113,
              -0.001887105797881867,
              0.013245201472412474,
              -0.0018961245948280845,
              -0.0011459570988476113,
              -0.0018961245948280845,
              0.01895569230813639
            ],
            "inverseCovariance": [
              68.58966692434527,
              10.516486588994024,
              5.198511507270079,
              10.516486588994024,
              78.20831092448793,
              8.458891488582145,
              5.198511507270078,
              8.458891488582145,
              53.91501226905895
            ]
          },
          {
            "bimodal": false,
            "dimension": 3,
            "inputDimension": 3,
            "outputDimension": 0,
            "covarianceMode": "full",
            "covarianceDeterminant": 0.0000036080751852051123,
            "mean": [
              1.153087405281657,
              0.6250788932290644,
              9.677793902984261
            ],
            "covariance": [
              0.014955649152110631,
              -0.001887105797881865,
              -0.0011459570988476139,
              -0.001887105797881865,
              0.013245201472412472,
              -0.0018961245948280836,
              -0.0011459570988476139,
              -0.0018961245948280836,
              0.018955692308136395
            ],
            "inverseCovariance": [
              68.58966692434524,
              10.516486588994011,
              5.1985115072700845,
              10.516486588994013,
              78.20831092448793,
              8.45889148858214,
              5.1985115072700845,
              8.45889148858214,
              53.915012269058934
            ]
          },
          {
            "bimodal": false,
            "dimension": 3,
            "inputDimension": 3,
            "outputDimension": 0,
            "covarianceMode": "full",
            "covarianceDeterminant": 0.000003608075185205118,
            "mean": [
              1.1530874052816573,
              0.6250788932290645,
              9.67779390298426
            ],
            "covariance": [
              0.014955649152110636,
              -0.0018871057978818674,
              -0.0011459570988476124,
              -0.0018871057978818674,
              0.013245201472412479,
              -0.0018961245948280845,
              -0.0011459570988476124,
              -0.0018961245948280845,
              0.01895569230813641
            ],
            "inverseCovariance": [
              68.58966692434522,
              10.516486588994017,
              5.198511507270074,
              10.516486588994017,
              78.2083109244879,
              8.458891488582132,
              5.198511507270076,
              8.458891488582134,
              53.91501226905889
            ]
          },
          {
            "bimodal": false,
            "dimension": 3,
            "inputDimension": 3,
            "outputDimension": 0,
            "covarianceMode": "full",
            "covarianceDeterminant": 0.0000036080751852051123,
            "mean": [
              1.153087405281657,
              0.6250788932290644,
              9.677793902984261
            ],
            "covariance": [
              0.014955649152110631,
              -0.001887105797881865,
              -0.0011459570988476139,
              -0.001887105797881865,
              0.013245201472412472,
              -0.0018961245948280836,
              -0.0011459570988476139,
              -0.0018961245948280836,
              0.018955692308136395
            ],
            "inverseCovariance": [
              68.58966692434524,
              10.516486588994011,
              5.1985115072700845,
              10.516486588994013,
              78.20831092448793,
              8.45889148858214,
              5.1985115072700845,
              8.45889148858214,
              53.915012269058934
            ]
          },
          {
            "bimodal": false,
            "dimension": 3,
            "inputDimension": 3,
            "outputDimension": 0,
            "covarianceMode": "full",
            "covarianceDeterminant": 0.0000036080751852050966,
            "mean": [
              1.1530874052816575,
              0.6250788932290646,
              9.677793902984263
            ],
            "covariance": [
              0.01495564915211061,
              -0.001887105797881867,
              -0.0011459570988475991,
              -0.001887105797881867,
              0.013245201472412472,
              -0.0018961245948280782,
              -0.0011459570988475991,
              -0.0018961245948280782,
              0.018955692308136336
            ],
            "inverseCovariance": [
              68.58966692434535,
              10.516486588994029,
              5.198511507270051,
              10.516486588994033,
              78.20831092448793,
              8.458891488582136,
              5.198511507270051,
              8.458891488582136,
              53.91501226905908
            ]
          },
          {
            "bimodal": false,
            "dimension": 3,
            "inputDimension": 3,
            "outputDimension": 0,
            "covarianceMode": "full",
            "covarianceDeterminant": 0.000003608075185205077,
            "mean": [
              1.153087405281657,
              0.6250788932290642,
              9.677793902984265
            ],
            "covariance": [
              0.014955649152110593,
              -0.0018871057978818622,
              -0.0011459570988475933,
              -0.0018871057978818622,
              0.01324520147241246,
              -0.0018961245948280704,
              -0.0011459570988475933,
              -0.0018961245948280704,
              0.01895569230813627
            ],
            "inverseCovariance": [
              68.58966692434542,
              10.516486588994022,
              5.198511507270047,
              10.516486588994022,
              78.208310924488,
              8.458891488582136,
              5.198511507270047,
              8.458891488582136,
              53.91501226905927
            ]
          },
          {
            "bimodal": false,
            "dimension": 3,
            "inputDimension": 3,
            "outputDimension": 0,
            "covarianceMode": "full",
            "covarianceDeterminant": 0.0000036080751852051276,
            "mean": [
              1.1530874052816573,
              0.625078893229065,
              9.67779390298426
            ],
            "covariance": [
              0.014955649152110641,
              -0.0018871057978818698,
              -0.0011459570988476106,
              -0.0018871057978818698,
              0.013245201472412486,
              -0.0018961245948280884,
              -0.0011459570988476106,
              -0.0018961245948280884,
              0.018955692308136443
            ],
            "inverseCovariance": [
              68.58966692434521,
              10.51648658899402,
              5.1985115072700605,
              10.51648658899402,
              78.20831092448786,
              8.45889148858213,
              5.1985115072700605,
              8.458891488582129,
              53.91501226905879
            ]
          }
        ],
        "mixtureCoeffs": [
          0.10432654017145439,
          0.07810682569867419,
          0.10282862063545749,
          0.16577041498194825,
          5.901961157185901e-183,
          0.1287663742382767,
          5.901961157185901e-183,
          0.13523974694741633,
          0.16595809377571033,
          0.11900338355106224
        ]
      },
      "17-machine.mp3": {
        "gaussians": 10,
        "regularization": {
          "relative": 0.01,
          "absolute": 0.01
        },
        "covarianceMode": "full",
        "bimodal": false,
        "inputDimension": 3,
        "outputDimension": 0,
        "dimension": 3,
        "components": [
          {
            "bimodal": false,
            "dimension": 3,
            "inputDimension": 3,
            "outputDimension": 0,
            "covarianceMode": "full",
            "covarianceDeterminant": 0.009388151514512635,
            "mean": [
              -9.882490091514919,
              0.009504821907334376,
              0.20159531157601154
            ],
            "covariance": [
              0.342895461300842,
              0.10200259297909377,
              -0.17797636207141476,
              0.10200259297909377,
              0.10250004326056139,
              -0.13316491951700904,
              -0.17797636207141476,
              -0.13316491951700904,
              0.5610020499072476
            ],
            "inverseCovariance": [
              4.236173493078692,
              -3.570826032593756,
              0.4963083222386596,
              -3.570826032593756,
              17.116199178196812,
              2.930033249259076,
              0.4963083222386598,
              2.930033249259076,
              2.635478411749113
            ]
          },
          {
            "bimodal": false,
            "dimension": 3,
            "inputDimension": 3,
            "outputDimension": 0,
            "covarianceMode": "full",
            "covarianceDeterminant": 0.009388151514512635,
            "mean": [
              -9.882490091514919,
              0.009504821907334376,
              0.20159531157601154
            ],
            "covariance": [
              0.342895461300842,
              0.10200259297909377,
              -0.17797636207141476,
              0.10200259297909377,
              0.10250004326056139,
              -0.13316491951700904,
              -0.17797636207141476,
              -0.13316491951700904,
              0.5610020499072476
            ],
            "inverseCovariance": [
              4.236173493078692,
              -3.570826032593756,
              0.4963083222386596,
              -3.570826032593756,
              17.116199178196812,
              2.930033249259076,
              0.4963083222386598,
              2.930033249259076,
              2.635478411749113
            ]
          },
          {
            "bimodal": false,
            "dimension": 3,
            "inputDimension": 3,
            "outputDimension": 0,
            "covarianceMode": "full",
            "covarianceDeterminant": 0.009388151514512635,
            "mean": [
              -9.882490091514919,
              0.009504821907334376,
              0.20159531157601154
            ],
            "covariance": [
              0.342895461300842,
              0.10200259297909377,
              -0.17797636207141476,
              0.10200259297909377,
              0.10250004326056139,
              -0.13316491951700904,
              -0.17797636207141476,
              -0.13316491951700904,
              0.5610020499072476
            ],
            "inverseCovariance": [
              4.236173493078692,
              -3.570826032593756,
              0.4963083222386596,
              -3.570826032593756,
              17.116199178196812,
              2.930033249259076,
              0.4963083222386598,
              2.930033249259076,
              2.635478411749113
            ]
          },
          {
            "bimodal": false,
            "dimension": 3,
            "inputDimension": 3,
            "outputDimension": 0,
            "covarianceMode": "full",
            "covarianceDeterminant": 0.009388151514512635,
            "mean": [
              -9.882490091514919,
              0.009504821907334376,
              0.20159531157601154
            ],
            "covariance": [
              0.342895461300842,
              0.10200259297909377,
              -0.17797636207141476,
              0.10200259297909377,
              0.10250004326056139,
              -0.13316491951700904,
              -0.17797636207141476,
              -0.13316491951700904,
              0.5610020499072476
            ],
            "inverseCovariance": [
              4.236173493078692,
              -3.570826032593756,
              0.4963083222386596,
              -3.570826032593756,
              17.116199178196812,
              2.930033249259076,
              0.4963083222386598,
              2.930033249259076,
              2.635478411749113
            ]
          },
          {
            "bimodal": false,
            "dimension": 3,
            "inputDimension": 3,
            "outputDimension": 0,
            "covarianceMode": "full",
            "covarianceDeterminant": 0.009388151514512635,
            "mean": [
              -9.882490091514919,
              0.009504821907334376,
              0.20159531157601154
            ],
            "covariance": [
              0.342895461300842,
              0.10200259297909377,
              -0.17797636207141476,
              0.10200259297909377,
              0.10250004326056139,
              -0.13316491951700904,
              -0.17797636207141476,
              -0.13316491951700904,
              0.5610020499072476
            ],
            "inverseCovariance": [
              4.236173493078692,
              -3.570826032593756,
              0.4963083222386596,
              -3.570826032593756,
              17.116199178196812,
              2.930033249259076,
              0.4963083222386598,
              2.930033249259076,
              2.635478411749113
            ]
          },
          {
            "bimodal": false,
            "dimension": 3,
            "inputDimension": 3,
            "outputDimension": 0,
            "covarianceMode": "full",
            "covarianceDeterminant": 0.009388151514512635,
            "mean": [
              -9.882490091514919,
              0.009504821907334376,
              0.20159531157601154
            ],
            "covariance": [
              0.342895461300842,
              0.10200259297909377,
              -0.17797636207141476,
              0.10200259297909377,
              0.10250004326056139,
              -0.13316491951700904,
              -0.17797636207141476,
              -0.13316491951700904,
              0.5610020499072476
            ],
            "inverseCovariance": [
              4.236173493078692,
              -3.570826032593756,
              0.4963083222386596,
              -3.570826032593756,
              17.116199178196812,
              2.930033249259076,
              0.4963083222386598,
              2.930033249259076,
              2.635478411749113
            ]
          },
          {
            "bimodal": false,
            "dimension": 3,
            "inputDimension": 3,
            "outputDimension": 0,
            "covarianceMode": "full",
            "covarianceDeterminant": 0.009388151514512635,
            "mean": [
              -9.882490091514919,
              0.009504821907334376,
              0.20159531157601154
            ],
            "covariance": [
              0.342895461300842,
              0.10200259297909377,
              -0.17797636207141476,
              0.10200259297909377,
              0.10250004326056139,
              -0.13316491951700904,
              -0.17797636207141476,
              -0.13316491951700904,
              0.5610020499072476
            ],
            "inverseCovariance": [
              4.236173493078692,
              -3.570826032593756,
              0.4963083222386596,
              -3.570826032593756,
              17.116199178196812,
              2.930033249259076,
              0.4963083222386598,
              2.930033249259076,
              2.635478411749113
            ]
          },
          {
            "bimodal": false,
            "dimension": 3,
            "inputDimension": 3,
            "outputDimension": 0,
            "covarianceMode": "full",
            "covarianceDeterminant": 0.009388151514512635,
            "mean": [
              -9.882490091514919,
              0.009504821907334376,
              0.20159531157601154
            ],
            "covariance": [
              0.342895461300842,
              0.10200259297909377,
              -0.17797636207141476,
              0.10200259297909377,
              0.10250004326056139,
              -0.13316491951700904,
              -0.17797636207141476,
              -0.13316491951700904,
              0.5610020499072476
            ],
            "inverseCovariance": [
              4.236173493078692,
              -3.570826032593756,
              0.4963083222386596,
              -3.570826032593756,
              17.116199178196812,
              2.930033249259076,
              0.4963083222386598,
              2.930033249259076,
              2.635478411749113
            ]
          },
          {
            "bimodal": false,
            "dimension": 3,
            "inputDimension": 3,
            "outputDimension": 0,
            "covarianceMode": "full",
            "covarianceDeterminant": 0.009388151514512635,
            "mean": [
              -9.882490091514919,
              0.009504821907334376,
              0.20159531157601154
            ],
            "covariance": [
              0.342895461300842,
              0.10200259297909377,
              -0.17797636207141476,
              0.10200259297909377,
              0.10250004326056139,
              -0.13316491951700904,
              -0.17797636207141476,
              -0.13316491951700904,
              0.5610020499072476
            ],
            "inverseCovariance": [
              4.236173493078692,
              -3.570826032593756,
              0.4963083222386596,
              -3.570826032593756,
              17.116199178196812,
              2.930033249259076,
              0.4963083222386598,
              2.930033249259076,
              2.635478411749113
            ]
          },
          {
            "bimodal": false,
            "dimension": 3,
            "inputDimension": 3,
            "outputDimension": 0,
            "covarianceMode": "full",
            "covarianceDeterminant": 0.009388151514512635,
            "mean": [
              -9.882490091514919,
              0.009504821907334376,
              0.20159531157601154
            ],
            "covariance": [
              0.342895461300842,
              0.10200259297909377,
              -0.17797636207141476,
              0.10200259297909377,
              0.10250004326056139,
              -0.13316491951700904,
              -0.17797636207141476,
              -0.13316491951700904,
              0.5610020499072476
            ],
            "inverseCovariance": [
              4.236173493078692,
              -3.570826032593756,
              0.4963083222386596,
              -3.570826032593756,
              17.116199178196812,
              2.930033249259076,
              0.4963083222386598,
              2.930033249259076,
              2.635478411749113
            ]
          }
        ],
        "mixtureCoeffs": [
          0.09999999999999999,
          0.09999999999999999,
          0.09999999999999999,
          0.09999999999999999,
          0.09999999999999999,
          0.09999999999999999,
          0.09999999999999999,
          0.09999999999999999,
          0.09999999999999999,
          0.09999999999999999
        ]
      }
    }
  },
  "examples": [
    {
      "uuid": "7e843b35-c865-46a9-a970-7934b1787ee5",
      "label": "15-crickets.mp3",
      "input": [
        [
          1.1347961303997784,
          0.556929460818693,
          9.683155137756467
        ],
        [
          1.244267801053077,
          0.5647061227021739,
          9.659225980636476
        ],
        [
          1.2484551697403192,
          0.5497509840240702,
          9.73579659461975
        ],
        [
          1.2029915686171502,
          0.6610172464765608,
          9.415756831490993
        ],
        [
          1.1784651031911373,
          0.6041877268062904,
          9.554540448281168
        ],
        [
          1.1108678500626235,
          0.5670989726554602,
          9.644869538503885
        ],
        [
          1.1347961303997784,
          0.5760720412492751,
          9.654440499925613
        ],
        [
          1.1820543598547577,
          0.556331275729835,
          9.692726099178195
        ],
        [
          1.0642078787617384,
          0.6155535722881555,
          9.601799043062329
        ],
        [
          1.3064810961209237,
          0.5874379597963765,
          9.625727615660429
        ],
        [
          1.1210373618993907,
          0.6000002485211938,
          9.811769242709875
        ],
        [
          1.1796614733688533,
          0.6801598269071429,
          9.573084405231475
        ],
        [
          1.2981063587464392,
          0.6400800377141684,
          9.59222749711871
        ],
        [
          1.0797612755939363,
          0.6723832015562802,
          9.740582075330614
        ],
        [
          1.1784651031911373,
          0.5988038783434778,
          9.78365315529406
        ],
        [
          1.1300104304932057,
          0.5617151241926476,
          9.85484032267332
        ],
        [
          1.2017951984394342,
          0.5748756345389411,
          9.75972516721785
        ],
        [
          1.1832507300324737,
          0.5988038783434778,
          9.740582075330614
        ],
        [
          1.0570293654344975,
          0.7345965696893632,
          9.611370004484057
        ],
        [
          1.1599207809146492,
          0.6520441778827458,
          9.692726099178195
        ],
        [
          1.113260736548528,
          0.6813562701500951,
          9.697511579889058
        ],
        [
          1.0456634834200143,
          0.6394818526253104,
          9.816555307942629
        ],
        [
          1.113858921637386,
          0.7196413579460234,
          9.654440499925613
        ],
        [
          1.15034945416674,
          0.6281159706108271,
          9.778867674583196
        ],
        [
          1.1371888707552105,
          0.6903292656786739,
          9.64008405779302
        ],
        [
          1.023529904479906,
          0.7405785667084157,
          9.606584523773193
        ]
      ],
      "output": null
    },
    {
      "uuid": "fc020901-6302-4b8c-8d84-3ff098ddd423",
      "label": "17-machine.mp3",
      "input": [
        [
          -9.56949602535069,
          0.09690930886324495,
          0.8536394940253347
        ],
        [
          -11.060223827928304,
          0.10289136981437913,
          0.03290131239835173
        ],
        [
          -10.256833561867476,
          -0.24885354559756814,
          1.503290785422176
        ],
        [
          -10.240682053011655,
          -0.39541393386907875,
          0.9260223009299486
        ],
        [
          -8.973682926321029,
          0.6616154315654188,
          -1.0420741536911577
        ],
        [
          -9.866205766296385,
          -0.19980068781077862,
          -0.39122649211660027
        ],
        [
          -9.866205766296385,
          -0.19980068781077862,
          -0.39122649211660027
        ],
        [
          -9.237491683661936,
          0.2781656378649175,
          0.032303104476607405
        ],
        [
          -9.8715892129004,
          -0.010169495853746775,
          0.29072794485604386
        ]
      ],
      "output": null
    }
  ]
}